 23915
 57305
 11108
 34322
 48689
 15292
  6235
 54205
 29426
  8399
 24359
 11000
  6177
 10916
 55888
 35566
 37161
 11748
 41698
 64986
 15033
  2925
 50917
 32187
 29384
 10135
 59370
 57987
 56330
 25495
 20239
 49750
 30249
 42924
 33708
 20655
 36556
 57747
 15438
 49716
 12230
 61899
 60078
 53486
 38732
 24755
  1380
 44249
  3519
 12976
  3618
  7515
 38666
 58464
 65117
 41701
 19821
 49207
 43462
   123
 24425
 63187
 16680
 34881
 39866
 59075
   625
 54313
 23261
 16099
 63595
 63262
 10424
 29648
 30906
 61660
 16406
 52954
 49629
 21359
 58173
 30652
 19721
 31882
 60695
  2501
  7870
 39191
 14299
 10959
 24405
 35344
 63430
 16793
 39798
 33509
 15265
 40095
 31097
 39563
 44493
  9630
  6319
 31613
 61354
 24383
 37972
 18649
  6766
 31532
 30123
  1396
 53172
 60607
 40535
 41340
  2651
  9069
 58928
 24397
  3084
 18613
 23284
  8147
 24401
  6641
 62716
 45124
 19198
 23312
 60639
 58314
 15204
 35211
 20021
 26645
 63109
  3672
 52397
 58628
 27035
 25702
  9219
 20562
 13802
 61729
 19730
  3037
 50488
 11603
